1 0
1 1
7 2
7 3
7 4
8 2
8 3
8 4
9 2
9 3
9 4
7 1
7 2
7 3
8 1
8 2
8 3
8 0
8 1
8 2
8 3
8 4
9 1
9 2
9 3
9 4
7 1
7 2
7 3
7 4
8 1
9 2
9 3
9 4
7 2
7 3
7 4
8 2
8 5
9 3
10 4
10 5
8 0
8 1
8 2
8 3
8 4
9 0
9 1
9 2
9 3
9 4
9 5
10 1
10 2
10 3
10 4
10 5
8 1
8 2
8 3
8 4
9 2
9 3
9 4
9 5
10 3
10 4
10 5
10 6
8 0
8 1
8 2
8 3
8 4
9 0
9 1
9 2
9 3
9 4
9 5
10 1
10 2
10 3
10 4
10 5
10 6
7 2
7 3
7 4
8 2
8 5
9 3
9 6
9 7
10 4
10 5
10 6
10 7
8 0
8 1
8 2
8 3
8 4
9 1
9 2
9 3
9 4
9 5
10 2
10 3
10 4
10 5
10 6
10 7
7 0
7 1
7 2
7 3
7 4
8 0
8 5
9 1
9 6
9 7
9 8
9 9
10 2
10 3
10 4
10 5
10 6
10 7
10 8
10 9
8 0
8 1
8 2
8 3
8 4
9 1
9 2
9 3
9 4
9 5
10 2
10 3
10 4
10 5
10 6
10 7
10 8
10 9
8 0
8 1
8 2
8 3
8 4
9 1
9 2
9 3
9 4
9 5
9 6
9 7
10 2
10 3
10 4
10 5
10 6
10 7
10 8
10 9
7 1
7 2
7 3
7 4
8 1
8 5
8 6
8 7
9 2
9 8
9 9
10 3
10 4
10 5
10 6
10 7
10 8
10 9
7 2
7 3
7 4
7 5
8 2
8 6
8 7
8 8
8 10
8 11
9 2
9 9
10 3
10 9
11 4
11 5
11 6
11 7
11 8
11 9
11 10
11 11
7 0
7 1
7 2
7 3
7 4
8 0
8 5
8 6
8 7
8 8
8 9
8 10
9 1
10 2
10 3
10 4
10 5
10 6
10 7
10 8
10 9
10 10
7 2
7 3
7 4
7 10
8 2
8 5
8 6
8 7
9 3
9 8
9 9
10 4
10 5
10 6
10 7
10 8
10 9
10 10
7 2
7 3
7 4
7 10
8 2
8 5
8 6
8 7
9 3
9 8
9 9
10 4
10 5
10 6
10 7
10 8
10 9
10 10
7 9
7 10
8 1
8 2
8 3
8 4
8 9
8 10
9 2
9 3
9 4
9 5
9 6
9 7
9 9
9 10
10 3
10 4
10 5
10 6
10 7
10 8
10 9
10 10
7 10
7 11
8 2
8 3
8 4
8 5
8 10
8 11
9 3
9 4
9 5
9 6
9 7
9 8
9 10
9 11
10 4
10 5
10 6
10 7
10 8
10 9
10 10
10 11
7 9
7 10
7 11
8 1
8 2
8 3
8 4
8 9
8 10
9 2
9 3
9 4
9 5
9 6
9 7
9 9
9 10
10 3
10 4
10 5
10 6
10 7
10 8
10 9
10 10
6 9
6 10
6 11
7 1
7 2
7 3
7 4
7 11
8 1
8 5
8 6
8 7
9 2
9 8
10 3
10 4
10 5
10 6
10 7
10 8
10 9
10 10
6 9
6 10
6 11
7 8
7 9
7 10
7 11
7 12
8 0
8 1
8 2
8 3
8 4
8 8
8 9
8 10
9 1
9 2
9 3
9 4
9 5
9 6
9 7
9 8
9 9
9 10
10 2
10 3
10 4
10 5
10 6
10 7
10 8
10 9
10 10
6 10
6 11
7 9
7 10
7 11
7 12
8 1
8 2
8 3
8 4
8 9
8 10
9 2
9 3
9 4
9 5
9 6
9 7
9 9
9 10
10 3
10 4
10 5
10 6
10 7
10 8
10 9
10 10
6 10
6 11
7 9
7 10
7 11
7 12
8 1
8 2
8 3
8 4
8 8
8 9
8 10
9 2
9 3
9 4
9 5
9 6
9 7
9 9
9 10
10 3
10 4
10 5
10 6
10 7
10 8
10 9
10 10
5 10
5 11
6 9
6 12
7 1
7 2
7 3
7 4
7 8
7 11
7 12
8 1
8 5
8 6
8 7
8 8
9 2
9 8
10 3
10 4
10 5
10 6
10 7
10 8
10 9
10 10
5 12
6 11
6 13
7 3
7 4
7 5
7 10
7 12
7 13
8 3
8 6
8 7
8 8
8 10
9 4
9 9
9 10
10 5
10 6
10 9
10 10
10 11
11 7
11 8
5 11
6 10
6 12
7 2
7 3
7 4
7 9
7 11
7 12
8 2
8 5
8 6
8 7
8 9
9 3
9 8
9 9
10 4
10 5
10 8
10 9
10 10
11 6
11 7
6 10
6 11
7 9
7 10
7 11
7 12
8 1
8 2
8 3
8 4
8 8
8 9
8 10
9 2
9 3
9 4
9 5
9 6
9 7
9 8
9 9
9 10
10 3
10 4
10 5
10 6
10 7
10 8
10 9
10 10
11 5
11 6
11 7
6 8
6 9
6 10
6 11
7 7
7 8
7 9
7 10
7 11
7 12
8 0
8 1
8 2
8 3
8 4
8 6
8 7
8 8
8 9
8 10
9 0
9 1
9 2
9 3
9 4
9 5
9 6
9 7
9 8
9 9
9 10
10 1
10 2
10 3
10 4
10 5
10 6
10 7
10 8
10 9
10 10
11 3
11 4
11 5
11 6
11 7
5 10
5 11
6 12
7 2
7 3
7 4
7 9
7 11
7 12
8 2
8 5
8 6
8 7
8 8
8 9
9 3
9 9
10 4
10 5
10 8
10 9
10 10
11 6
11 7
5 10
5 11
6 12
7 2
7 3
7 4
7 9
7 11
7 12
8 2
8 5
8 6
8 7
8 8
8 9
9 3
9 9
10 4
10 5
10 8
10 9
10 10
11 6
11 7
4 11
5 10
6 12
7 2
7 3
7 4
7 9
7 11
7 12
8 2
8 5
8 6
8 7
8 8
8 9
9 3
9 9
10 4
10 5
10 8
10 9
10 10
11 6
11 7
4 8
4 9
4 10
4 11
5 7
6 12
7 0
7 1
7 2
7 3
7 4
7 6
7 12
8 5
8 11
8 12
10 0
11 1
11 2
11 8
11 9
11 10
12 3
12 4
12 5
12 6
12 7
5 10
5 11
6 9
6 10
6 11
6 12
7 9
7 10
7 11
7 12
8 1
8 2
8 3
8 4
8 8
8 9
8 10
9 2
9 3
9 4
9 5
9 6
9 7
9 8
9 9
9 10
10 3
10 4
10 5
10 6
10 7
10 8
10 9
10 10
11 5
11 6
11 7
5 10
5 11
6 9
6 10
6 11
6 12
7 9
7 10
7 11
7 12
8 1
8 2
8 3
8 4
8 8
8 9
8 10
9 2
9 3
9 4
9 5
9 6
9 7
9 8
9 9
9 10
10 3
10 4
10 5
10 6
10 7
10 8
10 9
10 10
11 5
11 6
11 7
5 10
5 11
6 9
6 10
6 11
6 12
7 8
7 9
7 10
7 11
7 12
8 1
8 2
8 3
8 4
8 8
8 9
8 10
9 2
9 3
9 4
9 5
9 6
9 7
9 8
9 9
9 10
10 3
10 4
10 5
10 6
10 7
10 8
10 9
10 10
11 5
11 6
11 7
4 11
5 10
5 12
6 9
7 2
7 3
7 4
7 11
7 12
8 2
8 5
8 6
8 7
8 8
8 9
9 3
9 9
10 4
10 5
10 8
10 9
10 10
11 6
11 7
5 11
5 12
6 10
6 11
6 12
6 13
7 9
7 10
7 11
7 12
7 13
8 2
8 3
8 4
8 5
8 9
8 10
8 11
9 3
9 4
9 5
9 6
9 7
9 8
9 9
9 10
9 11
10 4
10 5
10 6
10 7
10 8
10 9
10 10
10 11
11 6
11 7
11 8
12 7
12 8
5 10
5 11
6 9
6 10
6 11
6 12
7 8
7 9
7 10
7 11
7 12
8 1
8 2
8 3
8 4
8 8
8 9
8 10
9 2
9 3
9 4
9 5
9 6
9 7
9 8
9 9
9 10
10 3
10 4
10 5
10 6
10 7
10 8
10 9
10 10
11 5
11 6
11 7
12 6
12 7
5 11
5 12
6 10
6 11
6 12
6 13
7 9
7 10
7 11
7 12
7 13
8 2
8 3
8 4
8 5
8 9
8 10
8 11
9 3
9 4
9 5
9 6
9 7
9 8
9 9
9 10
9 11
10 4
10 5
10 6
10 7
10 8
10 9
10 10
10 11
11 6
11 7
11 8
12 6
12 7
12 8
4 11
4 12
5 10
5 13
6 9
7 2
7 3
7 4
7 5
7 12
7 13
8 2
8 6
8 7
8 8
9 3
10 4
10 5
10 9
10 10
10 11
12 6
12 7
12 8
4 9
4 10
4 11
5 8
5 12
6 7
7 0
7 1
7 2
7 3
7 4
7 11
7 12
8 0
8 5
8 6
9 1
10 2
10 3
10 8
10 9
10 10
12 4
4 10
4 11
5 9
5 12
6 8
7 1
7 2
7 3
7 4
7 11
7 12
8 1
8 5
8 6
8 7
9 2
10 3
10 4
10 8
10 9
10 10
12 5
3 10
3 11
5 12
6 9
7 2
7 3
7 4
7 11
7 12
8 2
8 5
8 6
8 7
8 8
8 9
9 3
9 9
10 4
10 5
10 8
10 9
10 10
12 6
4 8
4 9
4 10
4 11
5 8
5 9
5 10
5 11
6 8
6 9
6 10
6 11
6 12
7 7
7 8
7 9
7 10
7 11
7 12
8 0
8 1
8 2
8 3
8 4
8 7
8 8
8 9
8 10
9 1
9 2
9 3
9 4
9 5
9 6
9 7
9 8
9 9
9 10
10 2
10 3
10 4
10 5
10 6
10 7
10 8
10 9
10 10
11 4
11 5
11 6
11 7
12 4
12 5
12 6
12 7
13 5
13 6
13 7
13 8
4 10
4 11
4 12
5 10
5 11
5 12
6 10
6 11
6 12
6 13
7 9
7 10
7 11
7 12
7 13
7 14
7 15
8 2
8 3
8 4
8 5
8 9
8 10
8 11
9 3
9 4
9 5
9 6
9 7
9 8
9 9
9 10
9 11
10 4
10 5
10 6
10 7
10 8
10 9
10 10
10 11
11 6
11 7
11 8
12 6
12 7
12 8
13 7
13 8
13 9
3 12
3 13
5 14
6 11
6 15
6 16
7 4
7 5
7 6
7 13
7 14
7 15
7 16
8 4
8 7
8 8
8 9
8 10
8 11
9 5
9 11
10 6
10 7
10 10
10 11
10 12
12 8
4 8
4 9
4 10
4 11
5 8
5 9
5 10
5 11
6 8
6 9
6 10
6 11
6 12
7 7
7 8
7 9
7 10
7 11
7 12
7 13
8 0
8 1
8 2
8 3
8 4
8 7
8 8
8 9
8 10
9 1
9 2
9 3
9 4
9 5
9 6
9 7
9 8
9 9
9 10
10 2
10 3
10 4
10 5
10 6
10 7
10 8
10 9
10 10
11 4
11 5
11 6
11 7
12 4
12 5
12 6
12 7
13 5
13 6
13 7
13 8
4 10
4 11
4 12
5 10
5 11
5 12
6 10
6 11
6 12
6 13
7 9
7 10
7 11
7 12
7 13
7 14
7 15
8 2
8 3
8 4
8 5
8 9
8 10
8 11
9 3
9 4
9 5
9 6
9 7
9 8
9 9
9 10
9 11
10 4
10 5
10 6
10 7
10 8
10 9
10 10
10 11
11 6
11 7
11 8
12 6
12 7
12 8
13 7
13 8
13 9
3 9
3 10
3 11
5 12
6 8
6 13
6 14
7 1
7 2
7 3
7 4
7 7
7 11
7 12
7 13
7 14
8 1
8 5
8 6
9 2
10 3
10 4
10 8
10 9
10 10
12 5
3 9
3 10
3 11
5 12
6 8
6 13
6 14
7 1
7 2
7 3
7 4
7 7
7 11
7 12
7 13
7 14
8 1
8 5
8 6
9 2
10 3
10 4
10 8
10 9
10 10
12 5
4 9
4 10
4 11
5 9
5 10
5 11
6 8
6 9
6 10
6 11
6 12
7 7
7 8
7 9
7 10
7 11
7 12
7 13
7 14
8 1
8 2
8 3
8 4
8 7
8 8
8 9
8 10
9 2
9 3
9 4
9 5
9 6
9 7
9 8
9 9
9 10
10 3
10 4
10 5
10 6
10 7
10 8
10 9
10 10
11 5
11 6
11 7
12 5
12 6
12 7
13 6
13 7
13 8
4 8
4 9
4 10
4 11
5 8
5 9
5 10
5 11
6 7
6 8
6 9
6 10
6 11
6 12
7 6
7 7
7 8
7 9
7 10
7 11
7 12
7 13
8 0
8 1
8 2
8 3
8 4
8 6
8 7
8 8
8 9
8 10
9 1
9 2
9 3
9 4
9 5
9 6
9 7
9 8
9 9
9 10
10 2
10 3
10 4
10 5
10 6
10 7
10 8
10 9
10 10
11 4
11 5
11 6
11 7
12 4
12 5
12 6
12 7
13 5
13 6
13 7
13 8
4 9
4 10
4 11
5 9
5 10
5 11
5 12
5 13
6 8
6 9
6 10
6 11
6 12
7 7
7 8
7 9
7 10
7 11
7 12
7 13
7 14
8 1
8 2
8 3
8 4
8 7
8 8
8 9
8 10
9 2
9 3
9 4
9 5
9 6
9 7
9 8
9 9
9 10
10 3
10 4
10 5
10 6
10 7
10 8
10 9
10 10
11 5
11 6
11 7
12 5
12 6
12 7
13 6
13 7
13 8
3 8
3 9
3 10
3 11
4 12
4 13
5 7
5 13
6 6
6 13
7 0
7 1
7 2
7 3
7 4
7 11
7 12
7 13
8 0
8 5
9 1
10 2
10 3
10 8
10 9
10 10
12 4
3 9
3 10
3 11
4 12
4 13
5 8
5 13
6 7
6 13
6 14
7 1
7 2
7 3
7 4
7 11
7 12
7 13
7 14
8 1
8 5
8 6
9 2
10 3
10 4
10 8
10 9
10 10
12 5
4 9
4 10
4 11
5 9
5 10
5 11
5 12
5 13
6 8
6 9
6 10
6 11
6 12
7 7
7 8
7 9
7 10
7 11
7 12
7 13
7 14
8 1
8 2
8 3
8 4
8 7
8 8
8 9
8 10
9 2
9 3
9 4
9 5
9 6
9 7
9 8
9 9
9 10
10 3
10 4
10 5
10 6
10 7
10 8
10 9
10 10
11 5
11 6
11 7
12 5
12 6
12 7
13 6
13 7
13 8
13 9
3 10
3 11
4 12
4 13
5 9
5 13
6 8
6 13
6 14
7 2
7 3
7 4
7 11
7 12
7 13
7 14
8 2
8 5
8 6
8 7
9 3
10 4
10 5
10 8
10 9
10 10
12 6
4 9
4 10
4 11
5 9
5 10
5 11
5 12
5 13
6 8
6 9
6 10
6 11
6 12
7 7
7 8
7 9
7 10
7 11
7 12
7 13
7 14
8 1
8 2
8 3
8 4
8 7
8 8
8 9
8 10
9 2
9 3
9 4
9 5
9 6
9 7
9 8
9 9
9 10
10 3
10 4
10 5
10 6
10 7
10 8
10 9
10 10
11 5
11 6
11 7
12 5
12 6
12 7
13 6
13 7
13 8
13 9
3 10
3 11
4 12
4 13
5 9
6 8
6 14
7 2
7 3
7 4
7 11
7 12
7 13
7 14
8 2
8 5
8 6
8 7
9 3
10 4
10 5
10 8
10 9
10 10
12 6
3 8
3 9
3 10
3 11
4 12
4 13
5 7
6 6
7 0
7 1
7 2
7 3
7 4
7 11
7 12
7 13
8 0
8 5
9 1
10 2
10 3
10 8
10 9
10 10
12 4
2 9
2 10
2 11
2 12
2 13
3 8
5 7
6 6
7 0
7 1
7 2
7 3
7 4
7 11
7 12
7 13
8 0
8 5
9 1
10 2
10 3
10 8
10 9
10 10
12 4
3 9
3 10
3 11
3 12
3 13
4 8
4 9
4 10
4 11
4 12
4 13
5 8
5 9
5 10
5 11
5 12
5 13
6 7
6 8
6 9
6 10
6 11
6 12
6 13
7 6
7 7
7 8
7 9
7 10
7 11
7 12
7 13
8 0
8 1
8 2
8 3
8 4
8 6
8 7
8 8
8 9
8 10
9 1
9 2
9 3
9 4
9 5
9 6
9 7
9 8
9 9
9 10
10 2
10 3
10 4
10 5
10 6
10 7
10 8
10 9
10 10
11 4
11 5
11 6
11 7
12 4
12 5
12 6
12 7
13 5
13 6
13 7
13 8
13 9
2 9
2 10
2 11
2 12
2 13
3 8
5 7
6 6
7 0
7 1
7 2
7 3
7 4
7 5
7 11
7 12
7 13
8 0
9 1
10 2
10 3
10 8
10 9
10 10
12 4
3 10
3 11
3 12
3 13
4 9
4 10
4 11
4 12
4 13
5 8
5 9
5 10
5 11
5 12
5 13
6 8
6 9
6 10
6 11
6 12
6 13
7 7
7 8
7 9
7 10
7 11
7 12
7 13
7 14
8 1
8 2
8 3
8 4
8 5
8 6
8 7
8 8
8 9
8 10
9 2
9 3
9 4
9 5
9 6
9 7
9 8
9 9
9 10
10 3
10 4
10 5
10 6
10 7
10 8
10 9
10 10
11 5
11 6
11 7
12 5
12 6
12 7
13 6
13 7
13 8
13 9
1 3
1 4
1 5
1 6
1 7
2 2
3 1
4 0
2 11
2 12
2 13
3 10
4 9
5 8
5 14
5 15
6 15
7 2
7 3
7 4
7 6
7 7
7 11
7 12
7 13
7 14
8 2
8 5
9 3
10 4
10 5
10 8
10 9
10 10
12 6
3 10
3 11
3 12
3 13
4 9
4 10
4 11
4 12
4 13
5 8
5 9
5 10
5 11
5 12
5 13
6 7
6 8
6 9
6 10
6 11
6 12
6 13
6 14
7 6
7 7
7 8
7 9
7 10
7 11
7 12
7 13
7 14
8 1
8 2
8 3
8 4
8 5
8 6
8 7
8 8
8 9
8 10
9 2
9 3
9 4
9 5
9 6
9 7
9 8
9 9
9 10
10 3
10 4
10 5
10 6
10 7
10 8
10 9
10 10
11 5
11 6
11 7
12 5
12 6
12 7
13 6
13 7
13 8
13 9
3 10
3 11
3 12
3 13
4 9
4 10
4 11
4 12
4 13
5 8
5 9
5 10
5 11
5 12
5 13
6 7
6 8
6 9
6 10
6 11
6 12
6 13
6 14
7 6
7 7
7 8
7 9
7 10
7 11
7 12
7 13
7 14
8 1
8 2
8 3
8 4
8 5
8 6
8 7
8 8
8 9
8 10
9 2
9 3
9 4
9 5
9 6
9 7
9 8
9 9
9 10
10 3
10 4
10 5
10 6
10 7
10 8
10 9
10 10
11 5
11 6
11 7
12 5
12 6
12 7
13 6
13 7
13 8
13 9
2 9
2 10
2 11
2 12
2 13
4 8
5 7
5 14
6 6
7 1
7 2
7 3
7 4
7 5
7 11
7 12
7 13
7 14
8 1
9 2
10 3
10 4
10 8
10 9
10 10
12 5
3 8
3 9
3 10
3 11
3 12
3 13
4 6
4 7
4 8
4 9
4 10
4 11
4 12
4 13
5 6
5 7
5 8
5 9
5 10
5 11
5 12
5 13
6 6
6 7
6 8
6 9
6 10
6 11
6 12
6 13
7 5
7 6
7 7
7 8
7 9
7 10
7 11
7 12
7 13
8 0
8 1
8 2
8 3
8 4
8 5
8 6
8 7
8 8
8 9
8 10
9 1
9 2
9 3
9 4
9 5
9 6
9 7
9 8
9 9
9 10
10 2
10 3
10 4
10 5
10 6
10 7
10 8
10 9
10 10
11 4
11 5
11 6
11 7
12 4
12 5
12 6
12 7
13 5
13 6
13 7
13 8
13 9
3 9
3 10
3 11
3 12
3 13
4 7
4 8
4 9
4 10
4 11
4 12
4 13
5 7
5 8
5 9
5 10
5 11
5 12
5 13
5 14
6 7
6 8
6 9
6 10
6 11
6 12
6 13
6 14
7 6
7 7
7 8
7 9
7 10
7 11
7 12
7 13
7 14
8 1
8 2
8 3
8 4
8 5
8 6
8 7
8 8
8 9
8 10
9 2
9 3
9 4
9 5
9 6
9 7
9 8
9 9
9 10
10 3
10 4
10 5
10 6
10 7
10 8
10 9
10 10
11 5
11 6
11 7
12 5
12 6
12 7
13 6
13 7
13 8
13 9
2 10
2 11
2 12
2 13
3 8
3 9
4 14
4 15
5 7
7 2
7 3
7 4
7 6
7 11
7 12
7 13
7 14
7 15
8 2
8 5
9 3
10 4
10 5
10 8
10 9
10 10
12 6
1 11
2 10
2 12
2 13
3 8
3 9
4 14
4 15
5 7
7 2
7 3
7 4
7 6
7 11
7 12
7 13
7 14
7 15
8 2
8 5
9 3
10 4
10 5
10 8
10 9
10 10
12 6
1 10
1 11
2 9
2 12
2 13
3 7
3 8
4 14
5 6
6 5
7 1
7 2
7 3
7 4
7 11
7 12
7 13
7 14
8 1
9 2
10 3
10 4
10 8
10 9
10 10
12 5
2 10
2 11
3 9
3 10
3 11
3 12
3 13
4 7
4 8
4 9
4 10
4 11
4 12
4 13
5 7
5 8
5 9
5 10
5 11
5 12
5 13
5 14
6 6
6 7
6 8
6 9
6 10
6 11
6 12
6 13
6 14
7 4
7 5
7 6
7 7
7 8
7 9
7 10
7 11
7 12
7 13
7 14
8 1
8 2
8 3
8 4
8 5
8 6
8 7
8 8
8 9
8 10
9 2
9 3
9 4
9 5
9 6
9 7
9 8
9 9
9 10
10 3
10 4
10 5
10 6
10 7
10 8
10 9
10 10
11 5
11 6
11 7
12 5
12 6
12 7
13 6
13 7
13 8
13 9
1 11
1 12
2 10
2 13
2 14
3 8
3 9
4 15
5 7
6 5
6 6
7 2
7 3
7 4
7 12
7 13
7 14
7 15
8 2
9 3
10 4
10 5
10 9
10 10
10 11
12 6
0 10
0 11
2 12
2 13
3 8
3 9
4 14
4 15
5 7
6 5
6 6
7 2
7 3
7 4
7 11
7 12
7 13
7 14
7 15
8 2
9 3
10 4
10 5
10 8
10 9
10 10
12 6
0 10
0 11
0 12
2 13
2 14
3 8
3 9
4 15
5 7
6 5
6 6
7 2
7 3
7 4
7 12
7 13
7 14
7 15
8 2
9 3
10 4
10 5
10 9
10 10
10 11
12 6
1 8
1 9
1 10
1 11
2 8
2 9
2 10
2 11
3 8
3 9
3 10
3 11
3 12
3 13
4 6
4 7
4 8
4 9
4 10
4 11
4 12
4 13
5 5
5 6
5 7
5 8
5 9
5 10
5 11
5 12
5 13
6 4
6 5
6 6
6 7
6 8
6 9
6 10
6 11
6 12
6 13
7 3
7 4
7 5
7 6
7 7
7 8
7 9
7 10
7 11
7 12
7 13
8 0
8 1
8 2
8 3
8 4
8 5
8 6
8 7
8 8
8 9
8 10
9 1
9 2
9 3
9 4
9 5
9 6
9 7
9 8
9 9
9 10
10 2
10 3
10 4
10 5
10 6
10 7
10 8
10 9
10 10
11 4
11 5
11 6
11 7
12 4
12 5
12 6
12 7
13 5
13 6
13 7
13 8
13 9
1 13
1 14
3 8
3 9
4 7
4 15
5 6
6 5
7 2
7 3
7 4
8 2
8 12
8 13
8 14
8 15
9 2
10 3
11 4
11 5
11 9
11 10
11 11
1 10
1 11
1 12
2 10
2 11
2 12
2 13
2 14
3 9
3 10
3 11
3 12
3 13
3 14
4 8
4 9
4 10
4 11
4 12
4 13
4 14
5 7
5 8
5 9
5 10
5 11
5 12
5 13
5 14
5 15
6 6
6 7
6 8
6 9
6 10
6 11
6 12
6 13
6 14
6 15
7 5
7 6
7 7
7 8
7 9
7 10
7 11
7 12
7 13
7 14
7 15
8 2
8 3
8 4
8 5
8 6
8 7
8 8
8 9
8 10
8 11
9 3
9 4
9 5
9 6
9 7
9 8
9 9
9 10
9 11
10 4
10 5
10 6
10 7
10 8
10 9
10 10
10 11
11 6
11 7
11 8
12 6
12 7
12 8
13 7
13 8
13 9
13 10
1 10
1 11
1 12
2 10
2 11
2 12
2 13
2 14
3 9
3 10
3 11
3 12
3 13
3 14
4 8
4 9
4 10
4 11
4 12
4 13
4 14
4 15
5 7
5 8
5 9
5 10
5 11
5 12
5 13
5 14
5 15
6 6
6 7
6 8
6 9
6 10
6 11
6 12
6 13
6 14
6 15
7 5
7 6
7 7
7 8
7 9
7 10
7 11
7 12
7 13
7 14
7 15
8 2
8 3
8 4
8 5
8 6
8 7
8 8
8 9
8 10
8 11
9 3
9 4
9 5
9 6
9 7
9 8
9 9
9 10
9 11
10 4
10 5
10 6
10 7
10 8
10 9
10 10
10 11
11 6
11 7
11 8
12 6
12 7
12 8
13 7
13 8
13 9
13 10
0 10
0 11
0 12
0 13
1 14
2 9
3 8
3 15
4 7
5 6
6 5
7 2
7 3
7 4
7 12
7 13
7 14
7 15
8 2
9 3
10 4
10 5
10 9
10 10
10 11
12 6
1 10
1 11
1 12
1 13
2 10
2 11
2 12
2 13
2 14
3 9
3 10
3 11
3 12
3 13
3 14
3 15
4 8
4 9
4 10
4 11
4 12
4 13
4 14
4 15
5 7
5 8
5 9
5 10
5 11
5 12
5 13
5 14
5 15
6 6
6 7
6 8
6 9
6 10
6 11
6 12
6 13
6 14
6 15
7 5
7 6
7 7
7 8
7 9
7 10
7 11
7 12
7 13
7 14
7 15
8 2
8 3
8 4
8 5
8 6
8 7
8 8
8 9
8 10
8 11
9 3
9 4
9 5
9 6
9 7
9 8
9 9
9 10
9 11
10 4
10 5
10 6
10 7
10 8
10 9
10 10
10 11
11 6
11 7
11 8
12 6
12 7
12 8
13 7
13 8
13 9
13 10
0 10
0 11
0 12
1 9
1 13
2 14
3 8
3 15
4 7
5 6
6 5
7 2
7 3
7 4
7 11
7 12
7 13
7 14
7 15
8 2
9 3
10 4
10 5
10 8
10 9
10 10
12 6
0 9
0 10
0 11
0 12
1 8
1 13
2 14
3 7
4 6
5 5
6 4
7 1
7 2
7 3
7 11
7 12
7 13
7 14
8 1
9 2
10 3
10 4
10 8
10 9
10 10
12 5
0 10
0 11
0 12
0 13
1 9
1 14
2 8
2 15
3 7
5 6
6 5
7 2
7 3
7 4
7 12
7 13
7 14
7 15
8 2
9 3
10 4
10 5
10 9
10 10
10 11
12 6
1 10
1 11
1 12
1 13
2 9
2 10
2 11
2 12
2 13
2 14
3 8
3 9
3 10
3 11
3 12
3 13
3 14
3 15
4 7
4 8
4 9
4 10
4 11
4 12
4 13
4 14
4 15
5 5
5 6
5 7
5 8
5 9
5 10
5 11
5 12
5 13
5 14
5 15
6 5
6 6
6 7
6 8
6 9
6 10
6 11
6 12
6 13
6 14
6 15
7 5
7 6
7 7
7 8
7 9
7 10
7 11
7 12
7 13
7 14
7 15
8 2
8 3
8 4
8 5
8 6
8 7
8 8
8 9
8 10
8 11
9 3
9 4
9 5
9 6
9 7
9 8
9 9
9 10
9 11
10 4
10 5
10 6
10 7
10 8
10 9
10 10
10 11
11 6
11 7
11 8
12 6
12 7
12 8
13 7
13 8
13 9
13 10
0 8
0 9
0 10
0 11
0 12
1 7
1 13
2 6
3 5
4 3
4 4
7 0
7 1
7 2
7 11
7 12
7 13
8 0
9 1
10 2
10 3
10 8
10 9
10 10
12 4
0 6
1 5
2 4
3 3
4 1
4 2
7 0
7 11
10 0
10 1
10 8
10 9
10 10
12 2
0 11
0 12
1 10
1 11
1 12
1 13
2 9
2 10
2 11
2 12
2 13
2 14
3 8
3 9
3 10
3 11
3 12
3 13
3 14
3 15
4 7
4 8
4 9
4 10
4 11
4 12
4 13
4 14
4 15
5 5
5 6
5 7
5 8
5 9
5 10
5 11
5 12
5 13
5 14
5 15
6 5
6 6
6 7
6 8
6 9
6 10
6 11
6 12
6 13
6 14
6 15
7 4
7 5
7 6
7 7
7 8
7 9
7 10
7 11
7 12
7 13
7 14
7 15
8 2
8 3
8 4
8 5
8 6
8 7
8 8
8 9
8 10
8 11
9 3
9 4
9 5
9 6
9 7
9 8
9 9
9 10
9 11
10 4
10 5
10 6
10 7
10 8
10 9
10 10
10 11
11 6
11 7
11 8
12 6
12 7
12 8
13 7
13 8
13 9
13 10
1 9
1 14
2 8
2 15
3 7
4 5
4 6
6 4
7 2
7 3
8 2
8 12
8 13
8 14
8 15
9 2
10 3
11 4
11 5
11 9
11 10
11 11
0 8
0 9
0 10
0 11
0 12
1 8
1 9
1 10
1 11
1 12
2 7
2 8
2 9
2 10
2 11
2 12
2 13
3 6
3 7
3 8
3 9
3 10
3 11
3 12
3 13
4 5
4 6
4 7
4 8
4 9
4 10
4 11
4 12
4 13
5 3
5 4
5 5
5 6
5 7
5 8
5 9
5 10
5 11
5 12
5 13
6 3
6 4
6 5
6 6
6 7
6 8
6 9
6 10
6 11
6 12
6 13
7 2
7 3
7 4
7 5
7 6
7 7
7 8
7 9
7 10
7 11
7 12
7 13
8 0
8 1
8 2
8 3
8 4
8 5
8 6
8 7
8 8
8 9
8 10
9 1
9 2
9 3
9 4
9 5
9 6
9 7
9 8
9 9
9 10
10 2
10 3
10 4
10 5
10 6
10 7
10 8
10 9
10 10
11 4
11 5
11 6
11 7
12 4
12 5
12 6
12 7
13 5
13 6
13 7
13 8
13 9
0 10
0 11
0 12
0 13
1 8
1 9
1 10
1 11
1 12
1 13
2 9
2 10
2 11
2 12
2 13
2 14
3 8
3 9
3 10
3 11
3 12
3 13
3 14
3 15
4 7
4 8
4 9
4 10
4 11
4 12
4 13
4 14
4 15
5 5
5 6
5 7
5 8
5 9
5 10
5 11
5 12
5 13
5 14
5 15
6 5
6 6
6 7
6 8
6 9
6 10
6 11
6 12
6 13
6 14
6 15
7 4
7 5
7 6
7 7
7 8
7 9
7 10
7 11
7 12
7 13
7 14
7 15
8 2
8 3
8 4
8 5
8 6
8 7
8 8
8 9
8 10
8 11
9 3
9 4
9 5
9 6
9 7
9 8
9 9
9 10
9 11
10 4
10 5
10 6
10 7
10 8
10 9
10 10
10 11
11 6
11 7
11 8
12 6
12 7
12 8
13 7
13 8
13 9
13 10
0 7
0 8
0 9
0 10
0 11
0 12
1 5
1 6
1 7
1 8
1 9
1 10
1 11
1 12
2 6
2 7
2 8
2 9
2 10
2 11
2 12
3 5
3 6
3 7
3 8
3 9
3 10
3 11
3 12
4 4
4 5
4 6
4 7
4 8
4 9
4 10
4 11
4 12
5 2
5 3
5 4
5 5
5 6
5 7
5 8
5 9
5 10
5 11
5 12
6 2
6 3
6 4
6 5
6 6
6 7
6 8
6 9
6 10
6 11
6 12
7 1
7 2
7 3
7 4
7 5
7 6
7 7
7 8
7 9
7 10
7 11
7 12
8 0
8 1
8 2
8 3
8 4
8 5
8 6
8 7
8 8
8 9
8 10
9 0
9 1
9 2
9 3
9 4
9 5
9 6
9 7
9 8
9 9
9 10
10 1
10 2
10 3
10 4
10 5
10 6
10 7
10 8
10 9
10 10
11 3
11 4
11 5
11 6
11 7
12 3
12 4
12 5
12 6
12 7
13 4
13 5
13 6
13 7
13 8
13 9
0 7
0 8
0 9
0 10
0 11
0 12
1 5
1 6
1 7
1 8
1 9
1 10
1 11
1 12
2 5
2 6
2 7
2 8
2 9
2 10
2 11
2 12
3 5
3 6
3 7
3 8
3 9
3 10
3 11
3 12
4 4
4 5
4 6
4 7
4 8
4 9
4 10
4 11
4 12
5 2
5 3
5 4
5 5
5 6
5 7
5 8
5 9
5 10
5 11
5 12
6 2
6 3
6 4
6 5
6 6
6 7
6 8
6 9
6 10
6 11
6 12
7 1
7 2
7 3
7 4
7 5
7 6
7 7
7 8
7 9
7 10
7 11
7 12
8 0
8 1
8 2
8 3
8 4
8 5
8 6
8 7
8 8
8 9
8 10
9 0
9 1
9 2
9 3
9 4
9 5
9 6
9 7
9 8
9 9
9 10
10 1
10 2
10 3
10 4
10 5
10 6
10 7
10 8
10 9
10 10
11 3
11 4
11 5
11 6
11 7
12 3
12 4
12 5
12 6
12 7
13 4
13 5
13 6
13 7
13 8
13 9
0 8
0 9
0 13
1 14
3 7
3 15
4 5
4 6
6 4
7 2
7 3
7 11
7 12
7 13
7 14
7 15
8 2
9 3
10 4
10 5
10 8
10 9
10 10
12 6
0 8
0 9
0 13
1 14
2 7
3 15
4 5
4 6
6 4
7 2
7 3
7 11
7 12
7 13
7 14
7 15
8 2
9 3
10 4
10 5
10 8
10 9
10 10
12 6
0 8
0 9
0 10
0 11
0 12
1 6
1 7
1 8
1 9
1 10
1 11
1 12
1 13
2 6
2 7
2 8
2 9
2 10
2 11
2 12
2 13
3 5
3 6
3 7
3 8
3 9
3 10
3 11
3 12
3 13
4 5
4 6
4 7
4 8
4 9
4 10
4 11
4 12
4 13
5 3
5 4
5 5
5 6
5 7
5 8
5 9
5 10
5 11
5 12
5 13
6 3
6 4
6 5
6 6
6 7
6 8
6 9
6 10
6 11
6 12
6 13
7 2
7 3
7 4
7 5
7 6
7 7
7 8
7 9
7 10
7 11
7 12
7 13
8 0
8 1
8 2
8 3
8 4
8 5
8 6
8 7
8 8
8 9
8 10
9 1
9 2
9 3
9 4
9 5
9 6
9 7
9 8
9 9
9 10
10 2
10 3
10 4
10 5
10 6
10 7
10 8
10 9
10 10
11 4
11 5
11 6
11 7
12 4
12 5
12 6
12 7
13 5
13 6
13 7
13 8
13 9
0 6
0 7
0 13
2 5
3 3
3 4
6 2
7 0
7 1
7 11
7 12
7 13
8 0
9 1
10 2
10 3
10 8
10 9
10 10
12 4
0 6
0 7
0 13
2 5
3 3
3 4
4 1
4 2
5 1
7 0
7 1
7 11
7 12
7 13
8 0
9 1
10 2
10 3
10 8
10 9
10 10
12 4
0 8
0 9
0 14
1 15
2 7
3 5
3 6
4 3
4 4
5 3
7 2
7 3
7 12
7 13
7 14
7 15
8 2
9 3
10 4
10 5
10 9
10 10
10 11
12 6
0 7
0 8
0 9
0 10
0 11
0 12
1 5
1 6
1 7
1 8
1 9
1 10
1 11
1 12
2 5
2 6
2 7
2 8
2 9
2 10
2 11
2 12
3 4
3 5
3 6
3 7
3 8
3 9
3 10
3 11
3 12
4 2
4 3
4 4
4 5
4 6
4 7
4 8
4 9
4 10
4 11
4 12
5 0
5 1
5 2
5 3
5 4
5 5
5 6
5 7
5 8
5 9
5 10
5 11
5 12
6 1
6 2
6 3
6 4
6 5
6 6
6 7
6 8
6 9
6 10
6 11
6 12
7 1
7 2
7 3
7 4
7 5
7 6
7 7
7 8
7 9
7 10
7 11
7 12
8 0
8 1
8 2
8 3
8 4
8 5
8 6
8 7
8 8
8 9
8 10
9 0
9 1
9 2
9 3
9 4
9 5
9 6
9 7
9 8
9 9
9 10
10 1
10 2
10 3
10 4
10 5
10 6
10 7
10 8
10 9
10 10
11 3
11 4
11 5
11 6
11 7
12 3
12 4
12 5
12 6
12 7
13 4
13 5
13 6
13 7
13 8
13 9
0 4
0 5
2 3
3 1
3 2
4 0
7 11
10 0
10 1
10 8
10 9
10 10
12 2
0 7
0 8
2 6
3 4
3 5
4 2
4 3
5 2
6 2
7 1
7 11
7 12
7 13
7 14
8 1
9 2
10 3
10 8
10 9
10 10
11 4
12 5
0 10
0 11
0 12
0 13
0 14
0 15
1 8
1 9
1 10
1 11
1 12
1 13
1 14
1 15
2 8
2 9
2 10
2 11
2 12
2 13
2 14
2 15
3 7
3 8
3 9
3 10
3 11
3 12
3 13
3 14
3 15
4 5
4 6
4 7
4 8
4 9
4 10
4 11
4 12
4 13
4 14
4 15
5 3
5 4
5 5
5 6
5 7
5 8
5 9
5 10
5 11
5 12
5 13
5 14
5 15
6 4
6 5
6 6
6 7
6 8
6 9
6 10
6 11
6 12
6 13
6 14
6 15
7 3
7 4
7 5
7 6
7 7
7 8
7 9
7 10
7 11
7 12
7 13
7 14
7 15
8 2
8 3
8 4
8 5
8 6
8 7
8 8
8 9
8 10
8 11
9 3
9 4
9 5
9 6
9 7
9 8
9 9
9 10
9 11
10 4
10 5
10 6
10 7
10 8
10 9
10 10
10 11
11 5
11 6
11 7
11 8
12 6
12 7
12 8
13 7
13 8
13 9
13 10
0 6
2 5
3 3
3 4
4 1
4 2
5 1
6 1
7 0
7 11
7 12
7 13
8 0
9 1
10 2
10 8
10 9
10 10
11 3
12 4
0 8
1 5
1 7
1 15
2 5
2 6
3 5
4 3
4 4
5 3
6 3
7 2
7 11
7 12
7 13
7 14
7 15
8 2
9 3
10 4
10 8
10 9
10 10
11 5
12 6
0 7
1 4
1 5
1 6
2 4
3 4
4 2
4 3
7 1
7 11
7 12
7 13
7 14
8 1
9 2
10 3
10 8
10 9
10 10
11 4
12 5
0 4
1 1
1 2
1 3
2 1
3 1
4 0
7 11
10 0
10 8
10 9
10 10
11 1
12 2
0 6
1 3
1 4
1 5
2 3
3 3
4 1
4 2
6 0
7 11
7 12
7 13
9 0
9 1
10 2
10 8
10 9
10 10
11 3
12 4
0 8
0 9
0 10
0 11
0 12
0 13
0 14
1 7
1 8
1 9
1 10
1 11
1 12
1 13
1 14
2 4
2 5
2 6
2 7
2 8
2 9
2 10
2 11
2 12
2 13
2 14
3 5
3 6
3 7
3 8
3 9
3 10
3 11
3 12
3 13
3 14
4 4
4 5
4 6
4 7
4 8
4 9
4 10
4 11
4 12
4 13
4 14
5 2
5 3
5 4
5 5
5 6
5 7
5 8
5 9
5 10
5 11
5 12
5 13
5 14
6 2
6 3
6 4
6 5
6 6
6 7
6 8
6 9
6 10
6 11
6 12
6 13
6 14
7 1
7 2
7 3
7 4
7 5
7 6
7 7
7 8
7 9
7 10
7 11
7 12
7 13
7 14
8 0
8 1
8 2
8 3
8 4
8 5
8 6
8 7
8 8
8 9
8 10
9 0
9 1
9 2
9 3
9 4
9 5
9 6
9 7
9 8
9 9
9 10
10 0
10 1
10 2
10 3
10 4
10 5
10 6
10 7
10 8
10 9
10 10
11 4
11 5
11 6
11 7
12 5
12 6
12 7
13 6
13 7
13 8
13 9
0 8
1 5
1 7
1 15
2 5
2 6
3 5
4 3
4 4
6 2
7 1
7 11
7 12
7 13
7 14
7 15
10 1
10 2
10 3
10 8
10 9
10 10
11 4
11 5
12 6
0 8
1 5
1 7
1 15
2 5
2 6
3 5
4 3
4 4
6 2
7 1
7 11
7 12
7 13
7 14
7 15
10 1
10 2
10 3
10 8
10 9
10 10
11 4
12 5
12 6
1 2
1 3
1 4
2 2
4 0
4 1
8 11
8 12
11 0
11 8
11 9
11 10
12 1
0 4
0 5
0 6
1 4
3 2
3 3
5 1
6 0
7 11
7 12
7 13
7 14
10 0
10 1
10 2
10 8
10 9
10 10
11 3
1 5
1 7
1 15
2 5
2 6
3 5
4 3
4 4
6 2
7 1
7 11
7 12
7 13
7 14
7 15
10 1
10 2
10 8
10 9
10 10
12 3
12 5
0 6
1 4
1 5
2 4
3 4
4 2
4 3
6 1
7 0
7 11
7 12
7 13
7 14
10 0
10 1
10 8
10 9
10 10
12 2
0 6
0 7
0 8
0 9
0 10
0 11
0 12
0 13
1 5
1 6
1 7
1 8
1 9
1 10
1 11
1 12
1 13
2 3
2 4
2 5
2 6
2 7
2 8
2 9
2 10
2 11
2 12
2 13
3 4
3 5
3 6
3 7
3 8
3 9
3 10
3 11
3 12
3 13
4 3
4 4
4 5
4 6
4 7
4 8
4 9
4 10
4 11
4 12
4 13
5 1
5 2
5 3
5 4
5 5
5 6
5 7
5 8
5 9
5 10
5 11
5 12
5 13
6 1
6 2
6 3
6 4
6 5
6 6
6 7
6 8
6 9
6 10
6 11
6 12
6 13
7 0
7 1
7 2
7 3
7 4
7 5
7 6
7 7
7 8
7 9
7 10
7 11
7 12
7 13
8 0
8 1
8 2
8 3
8 4
8 5
8 6
8 7
8 8
8 9
8 10
9 0
9 1
9 2
9 3
9 4
9 5
9 6
9 7
9 8
9 9
9 10
10 0
10 1
10 2
10 3
10 4
10 5
10 6
10 7
10 8
10 9
10 10
11 1
11 2
11 3
11 4
11 5
11 6
11 7
12 1
12 2
12 3
12 4
12 5
12 6
12 7
13 2
13 3
13 4
13 5
13 6
13 7
13 8
13 9
0 7
0 8
0 9
0 10
0 11
0 12
0 13
0 14
1 6
1 7
1 8
1 9
1 10
1 11
1 12
1 13
1 14
2 4
2 5
2 6
2 7
2 8
2 9
2 10
2 11
2 12
2 13
2 14
3 3
3 4
3 5
3 6
3 7
3 8
3 9
3 10
3 11
3 12
3 13
3 14
4 4
4 5
4 6
4 7
4 8
4 9
4 10
4 11
4 12
4 13
4 14
5 2
5 3
5 4
5 5
5 6
5 7
5 8
5 9
5 10
5 11
5 12
5 13
5 14
6 2
6 3
6 4
6 5
6 6
6 7
6 8
6 9
6 10
6 11
6 12
6 13
6 14
7 1
7 2
7 3
7 4
7 5
7 6
7 7
7 8
7 9
7 10
7 11
7 12
7 13
7 14
8 0
8 1
8 2
8 3
8 4
8 5
8 6
8 7
8 8
8 9
8 10
9 0
9 1
9 2
9 3
9 4
9 5
9 6
9 7
9 8
9 9
9 10
10 0
10 1
10 2
10 3
10 4
10 5
10 6
10 7
10 8
10 9
10 10
11 2
11 3
11 4
11 5
11 6
11 7
12 2
12 3
12 4
12 5
12 6
12 7
13 3
13 4
13 5
13 6
13 7
13 8
13 9
0 7
0 15
1 5
1 6
2 4
3 4
4 3
4 4
6 2
7 1
7 11
7 12
7 13
7 14
7 15
10 1
10 2
10 8
10 9
10 10
12 3
12 5
0 6
0 7
0 8
0 9
0 10
0 11
0 12
0 13
1 5
1 6
1 7
1 8
1 9
1 10
1 11
1 12
1 13
2 3
2 4
2 5
2 6
2 7
2 8
2 9
2 10
2 11
2 12
2 13
3 2
3 3
3 4
3 5
3 6
3 7
3 8
3 9
3 10
3 11
3 12
3 13
4 2
4 3
4 4
4 5
4 6
4 7
4 8
4 9
4 10
4 11
4 12
4 13
5 1
5 2
5 3
5 4
5 5
5 6
5 7
5 8
5 9
5 10
5 11
5 12
5 13
6 1
6 2
6 3
6 4
6 5
6 6
6 7
6 8
6 9
6 10
6 11
6 12
6 13
7 0
7 1
7 2
7 3
7 4
7 5
7 6
7 7
7 8
7 9
7 10
7 11
7 12
7 13
8 0
8 1
8 2
8 3
8 4
8 5
8 6
8 7
8 8
8 9
8 10
9 0
9 1
9 2
9 3
9 4
9 5
9 6
9 7
9 8
9 9
9 10
10 0
10 1
10 2
10 3
10 4
10 5
10 6
10 7
10 8
10 9
10 10
11 1
11 2
11 3
11 4
11 5
11 6
11 7
12 1
12 2
12 3
12 4
12 5
12 6
12 7
13 2
13 3
13 4
13 5
13 6
13 7
13 8
13 9
1 3
1 4
2 2
4 1
5 0
8 11
8 12
8 13
11 0
11 8
11 9
11 10
0 7
0 8
0 9
0 10
0 11
0 12
0 13
0 14
1 6
1 7
1 8
1 9
1 10
1 11
1 12
1 13
1 14
2 4
2 5
2 6
2 7
2 8
2 9
2 10
2 11
2 12
2 13
2 14
3 3
3 4
3 5
3 6
3 7
3 8
3 9
3 10
3 11
3 12
3 13
3 14
4 3
4 4
4 5
4 6
4 7
4 8
4 9
4 10
4 11
4 12
4 13
4 14
5 2
5 3
5 4
5 5
5 6
5 7
5 8
5 9
5 10
5 11
5 12
5 13
5 14
6 0
6 1
6 2
6 3
6 4
6 5
6 6
6 7
6 8
6 9
6 10
6 11
6 12
6 13
6 14
7 0
7 1
7 2
7 3
7 4
7 5
7 6
7 7
7 8
7 9
7 10
7 11
7 12
7 13
7 14
8 0
8 1
8 2
8 3
8 4
8 5
8 6
8 7
8 8
8 9
8 10
9 0
9 1
9 2
9 3
9 4
9 5
9 6
9 7
9 8
9 9
9 10
10 0
10 1
10 2
10 3
10 4
10 5
10 6
10 7
10 8
10 9
10 10
11 2
11 3
11 4
11 5
11 6
11 7
12 2
12 3
12 4
12 5
12 6
12 7
13 3
13 4
13 5
13 6
13 7
13 8
13 9
0 7
0 8
0 9
0 10
0 11
0 12
0 13
0 14
1 6
1 7
1 8
1 9
1 10
1 11
1 12
1 13
1 14
2 4
2 5
2 6
2 7
2 8
2 9
2 10
2 11
2 12
2 13
2 14
3 3
3 4
3 5
3 6
3 7
3 8
3 9
3 10
3 11
3 12
3 13
3 14
4 3
4 4
4 5
4 6
4 7
4 8
4 9
4 10
4 11
4 12
4 13
4 14
5 2
5 3
5 4
5 5
5 6
5 7
5 8
5 9
5 10
5 11
5 12
5 13
5 14
6 0
6 1
6 2
6 3
6 4
6 5
6 6
6 7
6 8
6 9
6 10
6 11
6 12
6 13
6 14
7 0
7 1
7 2
7 3
7 4
7 5
7 6
7 7
7 8
7 9
7 10
7 11
7 12
7 13
7 14
8 0
8 1
8 2
8 3
8 4
8 5
8 6
8 7
8 8
8 9
8 10
9 0
9 1
9 2
9 3
9 4
9 5
9 6
9 7
9 8
9 9
9 10
10 0
10 1
10 2
10 3
10 4
10 5
10 6
10 7
10 8
10 9
10 10
11 2
11 3
11 4
11 5
11 6
11 7
12 2
12 3
12 4
12 5
12 6
12 7
13 3
13 4
13 5
13 6
13 7
13 8
13 9
0 6
1 4
1 5
2 3
4 2
5 0
5 1
7 11
7 12
7 13
7 14
10 0
10 1
10 8
10 9
10 10
12 2
0 7
0 8
0 9
0 10
0 11
0 12
0 13
0 14
1 6
1 7
1 8
1 9
1 10
1 11
1 12
1 13
1 14
2 4
2 5
2 6
2 7
2 8
2 9
2 10
2 11
2 12
2 13
2 14
3 3
3 4
3 5
3 6
3 7
3 8
3 9
3 10
3 11
3 12
3 13
3 14
4 3
4 4
4 5
4 6
4 7
4 8
4 9
4 10
4 11
4 12
4 13
4 14
5 2
5 3
5 4
5 5
5 6
5 7
5 8
5 9
5 10
5 11
5 12
5 13
5 14
6 0
6 1
6 2
6 3
6 4
6 5
6 6
6 7
6 8
6 9
6 10
6 11
6 12
6 13
6 14
7 0
7 1
7 2
7 3
7 4
7 5
7 6
7 7
7 8
7 9
7 10
7 11
7 12
7 13
7 14
8 0
8 1
8 2
8 3
8 4
8 5
8 6
8 7
8 8
8 9
8 10
9 0
9 1
9 2
9 3
9 4
9 5
9 6
9 7
9 8
9 9
9 10
10 0
10 1
10 2
10 3
10 4
10 5
10 6
10 7
10 8
10 9
10 10
11 2
11 3
11 4
11 5
11 6
11 7
12 2
12 3
12 4
12 5
12 6
12 7
13 3
13 4
13 5
13 6
13 7
13 8
13 9
0 6
1 4
1 5
2 3
4 2
5 0
5 1
7 11
7 12
7 13
7 14
10 0
10 1
10 8
10 9
10 10
12 2
0 6
0 7
0 8
0 9
0 10
0 11
0 12
0 13
0 14
0 15
1 7
1 8
1 9
1 10
1 11
1 12
1 13
1 14
1 15
2 5
2 6
2 7
2 8
2 9
2 10
2 11
2 12
2 13
2 14
2 15
3 4
3 5
3 6
3 7
3 8
3 9
3 10
3 11
3 12
3 13
3 14
3 15
4 4
4 5
4 6
4 7
4 8
4 9
4 10
4 11
4 12
4 13
4 14
4 15
5 3
5 4
5 5
5 6
5 7
5 8
5 9
5 10
5 11
5 12
5 13
5 14
5 15
6 1
6 2
6 3
6 4
6 5
6 6
6 7
6 8
6 9
6 10
6 11
6 12
6 13
6 14
6 15
7 1
7 2
7 3
7 4
7 5
7 6
7 7
7 8
7 9
7 10
7 11
7 12
7 13
7 14
7 15
8 1
8 2
8 3
8 4
8 5
8 6
8 7
8 8
8 9
8 10
8 11
9 1
9 2
9 3
9 4
9 5
9 6
9 7
9 8
9 9
9 10
9 11
10 1
10 2
10 3
10 4
10 5
10 6
10 7
10 8
10 9
10 10
10 11
11 3
11 4
11 5
11 6
11 7
11 8
12 3
12 4
12 5
12 6
12 7
12 8
13 4
13 5
13 6
13 7
13 8
13 9
13 10
1 5
2 4
4 3
5 1
5 2
7 12
7 13
7 14
7 15
10 1
10 2
10 9
10 10
10 11
12 3
1 5
2 3
2 4
5 1
5 2
6 0
7 11
7 12
7 13
7 14
7 15
8 0
10 1
10 2
10 8
10 9
10 10
12 3
1 3
2 1
2 2
4 0
7 11
7 12
7 13
10 0
10 8
10 9
10 10
12 1
1 2
2 0
2 1
7 11
7 12
10 8
10 9
10 10
1 3
2 1
2 2
4 0
7 11
7 12
7 13
10 8
10 9
10 10
1 4
2 2
2 3
4 1
5 0
8 11
8 12
8 13
8 14
11 8
11 9
11 10
1 6
2 4
2 5
4 3
5 2
6 1
7 12
7 13
7 14
7 15
7 16
10 1
10 9
10 10
10 11
12 2
1 1
2 0
7 11
10 8
10 9
10 10
0 3
0 4
0 5
0 6
0 7
0 8
0 9
0 10
0 11
0 12
1 2
1 3
1 4
1 5
1 6
1 7
1 8
1 9
1 10
1 11
1 12
2 2
2 3
2 4
2 5
2 6
2 7
2 8
2 9
2 10
2 11
2 12
3 0
3 1
3 2
3 3
3 4
3 5
3 6
3 7
3 8
3 9
3 10
3 11
3 12
4 0
4 1
4 2
4 3
4 4
4 5
4 6
4 7
4 8
4 9
4 10
4 11
4 12
5 0
5 1
5 2
5 3
5 4
5 5
5 6
5 7
5 8
5 9
5 10
5 11
5 12
6 0
6 1
6 2
6 3
6 4
6 5
6 6
6 7
6 8
6 9
6 10
6 11
6 12
7 0
7 1
7 2
7 3
7 4
7 5
7 6
7 7
7 8
7 9
7 10
7 11
7 12
8 0
8 1
8 2
8 3
8 4
8 5
8 6
8 7
8 8
8 9
8 10
9 0
9 1
9 2
9 3
9 4
9 5
9 6
9 7
9 8
9 9
9 10
10 0
10 1
10 2
10 3
10 4
10 5
10 6
10 7
10 8
10 9
10 10
11 0
11 1
11 2
11 3
11 4
11 5
11 6
11 7
12 0
12 1
12 2
12 3
12 4
12 5
12 6
12 7
13 0
13 1
13 2
13 3
13 4
13 5
13 6
13 7
13 8
13 9
0 5
0 6
0 7
0 8
0 9
0 10
0 11
0 12
0 13
0 14
1 4
1 5
1 6
1 7
1 8
1 9
1 10
1 11
1 12
1 13
1 14
2 3
2 4
2 5
2 6
2 7
2 8
2 9
2 10
2 11
2 12
2 13
2 14
3 2
3 3
3 4
3 5
3 6
3 7
3 8
3 9
3 10
3 11
3 12
3 13
3 14
4 2
4 3
4 4
4 5
4 6
4 7
4 8
4 9
4 10
4 11
4 12
4 13
4 14
5 1
5 2
5 3
5 4
5 5
5 6
5 7
5 8
5 9
5 10
5 11
5 12
5 13
5 14
6 0
6 1
6 2
6 3
6 4
6 5
6 6
6 7
6 8
6 9
6 10
6 11
6 12
6 13
6 14
7 0
7 1
7 2
7 3
7 4
7 5
7 6
7 7
7 8
7 9
7 10
7 11
7 12
7 13
7 14
8 0
8 1
8 2
8 3
8 4
8 5
8 6
8 7
8 8
8 9
8 10
9 0
9 1
9 2
9 3
9 4
9 5
9 6
9 7
9 8
9 9
9 10
10 0
10 1
10 2
10 3
10 4
10 5
10 6
10 7
10 8
10 9
10 10
11 0
11 1
11 2
11 3
11 4
11 5
11 6
11 7
12 0
12 1
12 2
12 3
12 4
12 5
12 6
12 7
13 1
13 2
13 3
13 4
13 5
13 6
13 7
13 8
13 9
0 3
0 4
0 5
0 6
0 7
0 8
0 9
0 10
0 11
0 12
1 2
1 3
1 4
1 5
1 6
1 7
1 8
1 9
1 10
1 11
1 12
2 1
2 2
2 3
2 4
2 5
2 6
2 7
2 8
2 9
2 10
2 11
2 12
3 0
3 1
3 2
3 3
3 4
3 5
3 6
3 7
3 8
3 9
3 10
3 11
3 12
4 0
4 1
4 2
4 3
4 4
4 5
4 6
4 7
4 8
4 9
4 10
4 11
4 12
5 0
5 1
5 2
5 3
5 4
5 5
5 6
5 7
5 8
5 9
5 10
5 11
5 12
6 0
6 1
6 2
6 3
6 4
6 5
6 6
6 7
6 8
6 9
6 10
6 11
6 12
7 0
7 1
7 2
7 3
7 4
7 5
7 6
7 7
7 8
7 9
7 10
7 11
7 12
8 0
8 1
8 2
8 3
8 4
8 5
8 6
8 7
8 8
8 9
8 10
9 0
9 1
9 2
9 3
9 4
9 5
9 6
9 7
9 8
9 9
9 10
10 0
10 1
10 2
10 3
10 4
10 5
10 6
10 7
10 8
10 9
10 10
11 0
11 1
11 2
11 3
11 4
11 5
11 6
11 7
12 0
12 1
12 2
12 3
12 4
12 5
12 6
12 7
13 0
13 1
13 2
13 3
13 4
13 5
13 6
13 7
13 8
13 9
1 4
2 3
3 2
4 1
8 12
8 13
8 14
8 15
11 9
11 10
11 11
0 5
1 4
2 3
3 2
4 1
5 0
7 11
7 12
7 13
7 14
7 15
10 0
10 8
10 9
10 10
12 1
0 5
1 4
2 3
3 2
4 1
5 0
7 11
7 12
7 13
7 14
7 15
10 0
10 8
10 9
10 10
12 1
0 3
0 4
0 5
0 6
0 7
0 8
0 9
0 10
0 11
0 12
0 13
1 3
1 4
1 5
1 6
1 7
1 8
1 9
1 10
1 11
1 12
1 13
2 2
2 3
2 4
2 5
2 6
2 7
2 8
2 9
2 10
2 11
2 12
2 13
3 1
3 2
3 3
3 4
3 5
3 6
3 7
3 8
3 9
3 10
3 11
3 12
3 13
4 0
4 1
4 2
4 3
4 4
4 5
4 6
4 7
4 8
4 9
4 10
4 11
4 12
4 13
5 0
5 1
5 2
5 3
5 4
5 5
5 6
5 7
5 8
5 9
5 10
5 11
5 12
5 13
6 0
6 1
6 2
6 3
6 4
6 5
6 6
6 7
6 8
6 9
6 10
6 11
6 12
6 13
7 0
7 1
7 2
7 3
7 4
7 5
7 6
7 7
7 8
7 9
7 10
7 11
7 12
7 13
8 0
8 1
8 2
8 3
8 4
8 5
8 6
8 7
8 8
8 9
8 10
9 0
9 1
9 2
9 3
9 4
9 5
9 6
9 7
9 8
9 9
9 10
10 0
10 1
10 2
10 3
10 4
10 5
10 6
10 7
10 8
10 9
10 10
11 0
11 1
11 2
11 3
11 4
11 5
11 6
11 7
12 0
12 1
12 2
12 3
12 4
12 5
12 6
12 7
13 0
13 1
13 2
13 3
13 4
13 5
13 6
13 7
13 8
13 9
0 5
0 6
0 7
0 8
0 9
0 10
0 11
0 12
0 13
0 14
0 15
1 3
1 4
1 5
1 6
1 7
1 8
1 9
1 10
1 11
1 12
1 13
1 14
1 15
2 4
2 5
2 6
2 7
2 8
2 9
2 10
2 11
2 12
2 13
2 14
2 15
3 3
3 4
3 5
3 6
3 7
3 8
3 9
3 10
3 11
3 12
3 13
3 14
3 15
4 2
4 3
4 4
4 5
4 6
4 7
4 8
4 9
4 10
4 11
4 12
4 13
4 14
4 15
5 1
5 2
5 3
5 4
5 5
5 6
5 7
5 8
5 9
5 10
5 11
5 12
5 13
5 14
5 15
6 1
6 2
6 3
6 4
6 5
6 6
6 7
6 8
6 9
6 10
6 11
6 12
6 13
6 14
6 15
7 1
7 2
7 3
7 4
7 5
7 6
7 7
7 8
7 9
7 10
7 11
7 12
7 13
7 14
7 15
8 1
8 2
8 3
8 4
8 5
8 6
8 7
8 8
8 9
8 10
8 11
9 1
9 2
9 3
9 4
9 5
9 6
9 7
9 8
9 9
9 10
9 11
10 1
10 2
10 3
10 4
10 5
10 6
10 7
10 8
10 9
10 10
10 11
11 1
11 2
11 3
11 4
11 5
11 6
11 7
11 8
12 1
12 2
12 3
12 4
12 5
12 6
12 7
12 8
13 2
13 3
13 4
13 5
13 6
13 7
13 8
13 9
13 10
0 2
0 3
3 1
4 0
7 11
7 12
7 13
7 14
10 8
10 9
10 10
12 0
0 1
0 2
1 0
7 11
7 12
7 13
10 8
10 9
10 10
0 4
0 5
0 6
0 7
0 8
0 9
0 10
0 11
0 12
0 13
0 14
1 2
1 3
1 4
1 5
1 6
1 7
1 8
1 9
1 10
1 11
1 12
1 13
1 14
2 1
2 2
2 3
2 4
2 5
2 6
2 7
2 8
2 9
2 10
2 11
2 12
2 13
2 14
3 0
3 1
3 2
3 3
3 4
3 5
3 6
3 7
3 8
3 9
3 10
3 11
3 12
3 13
3 14
4 0
4 1
4 2
4 3
4 4
4 5
4 6
4 7
4 8
4 9
4 10
4 11
4 12
4 13
4 14
5 0
5 1
5 2
5 3
5 4
5 5
5 6
5 7
5 8
5 9
5 10
5 11
5 12
5 13
5 14
6 0
6 1
6 2
6 3
6 4
6 5
6 6
6 7
6 8
6 9
6 10
6 11
6 12
6 13
6 14
7 0
7 1
7 2
7 3
7 4
7 5
7 6
7 7
7 8
7 9
7 10
7 11
7 12
7 13
7 14
8 0
8 1
8 2
8 3
8 4
8 5
8 6
8 7
8 8
8 9
8 10
9 0
9 1
9 2
9 3
9 4
9 5
9 6
9 7
9 8
9 9
9 10
10 0
10 1
10 2
10 3
10 4
10 5
10 6
10 7
10 8
10 9
10 10
11 0
11 1
11 2
11 3
11 4
11 5
11 6
11 7
12 0
12 1
12 2
12 3
12 4
12 5
12 6
12 7
13 1
13 2
13 3
13 4
13 5
13 6
13 7
13 8
13 9
0 3
0 4
1 2
2 1
3 0
7 11
7 12
7 13
7 14
7 15
10 0
10 8
10 9
10 10
12 1
0 5
0 6
0 7
0 8
0 9
0 10
0 11
0 12
0 13
0 14
0 15
1 3
1 4
1 5
1 6
1 7
1 8
1 9
1 10
1 11
1 12
1 13
1 14
1 15
2 2
2 3
2 4
2 5
2 6
2 7
2 8
2 9
2 10
2 11
2 12
2 13
2 14
2 15
3 1
3 2
3 3
3 4
3 5
3 6
3 7
3 8
3 9
3 10
3 11
3 12
3 13
3 14
3 15
4 1
4 2
4 3
4 4
4 5
4 6
4 7
4 8
4 9
4 10
4 11
4 12
4 13
4 14
4 15
5 1
5 2
5 3
5 4
5 5
5 6
5 7
5 8
5 9
5 10
5 11
5 12
5 13
5 14
5 15
6 1
6 2
6 3
6 4
6 5
6 6
6 7
6 8
6 9
6 10
6 11
6 12
6 13
6 14
6 15
7 1
7 2
7 3
7 4
7 5
7 6
7 7
7 8
7 9
7 10
7 11
7 12
7 13
7 14
7 15
8 1
8 2
8 3
8 4
8 5
8 6
8 7
8 8
8 9
8 10
8 11
9 1
9 2
9 3
9 4
9 5
9 6
9 7
9 8
9 9
9 10
9 11
10 1
10 2
10 3
10 4
10 5
10 6
10 7
10 8
10 9
10 10
10 11
11 1
11 2
11 3
11 4
11 5
11 6
11 7
11 8
12 1
12 2
12 3
12 4
12 5
12 6
12 7
12 8
13 2
13 3
13 4
13 5
13 6
13 7
13 8
13 9
13 10
0 5
0 6
0 7
0 8
0 9
0 10
0 11
0 12
0 13
0 14
0 15
1 3
1 4
1 5
1 6
1 7
1 8
1 9
1 10
1 11
1 12
1 13
1 14
1 15
2 2
2 3
2 4
2 5
2 6
2 7
2 8
2 9
2 10
2 11
2 12
2 13
2 14
2 15
3 1
3 2
3 3
3 4
3 5
3 6
3 7
3 8
3 9
3 10
3 11
3 12
3 13
3 14
3 15
4 1
4 2
4 3
4 4
4 5
4 6
4 7
4 8
4 9
4 10
4 11
4 12
4 13
4 14
4 15
5 1
5 2
5 3
5 4
5 5
5 6
5 7
5 8
5 9
5 10
5 11
5 12
5 13
5 14
5 15
6 1
6 2
6 3
6 4
6 5
6 6
6 7
6 8
6 9
6 10
6 11
6 12
6 13
6 14
6 15
7 1
7 2
7 3
7 4
7 5
7 6
7 7
7 8
7 9
7 10
7 11
7 12
7 13
7 14
7 15
8 1
8 2
8 3
8 4
8 5
8 6
8 7
8 8
8 9
8 10
8 11
9 1
9 2
9 3
9 4
9 5
9 6
9 7
9 8
9 9
9 10
9 11
10 1
10 2
10 3
10 4
10 5
10 6
10 7
10 8
10 9
10 10
10 11
11 1
11 2
11 3
11 4
11 5
11 6
11 7
11 8
12 1
12 2
12 3
12 4
12 5
12 6
12 7
12 8
13 2
13 3
13 4
13 5
13 6
13 7
13 8
13 9
13 10
0 3
0 4
0 5
0 6
0 7
0 8
0 9
0 10
0 11
0 12
0 13
0 14
1 2
1 3
1 4
1 5
1 6
1 7
1 8
1 9
1 10
1 11
1 12
1 13
1 14
2 1
2 2
2 3
2 4
2 5
2 6
2 7
2 8
2 9
2 10
2 11
2 12
2 13
2 14
3 0
3 1
3 2
3 3
3 4
3 5
3 6
3 7
3 8
3 9
3 10
3 11
3 12
3 13
3 14
4 0
4 1
4 2
4 3
4 4
4 5
4 6
4 7
4 8
4 9
4 10
4 11
4 12
4 13
4 14
5 0
5 1
5 2
5 3
5 4
5 5
5 6
5 7
5 8
5 9
5 10
5 11
5 12
5 13
5 14
6 0
6 1
6 2
6 3
6 4
6 5
6 6
6 7
6 8
6 9
6 10
6 11
6 12
6 13
6 14
7 0
7 1
7 2
7 3
7 4
7 5
7 6
7 7
7 8
7 9
7 10
7 11
7 12
7 13
7 14
8 0
8 1
8 2
8 3
8 4
8 5
8 6
8 7
8 8
8 9
8 10
9 0
9 1
9 2
9 3
9 4
9 5
9 6
9 7
9 8
9 9
9 10
10 0
10 1
10 2
10 3
10 4
10 5
10 6
10 7
10 8
10 9
10 10
11 0
11 1
11 2
11 3
11 4
11 5
11 6
11 7
12 0
12 1
12 2
12 3
12 4
12 5
12 6
12 7
13 1
13 2
13 3
13 4
13 5
13 6
13 7
13 8
13 9
0 4
1 3
2 2
3 1
7 12
7 13
7 14
7 15
7 16
10 9
10 10
10 11
12 1
12 2
1 2
2 1
8 12
8 13
8 14
8 15
11 9
11 10
11 11
0 4
0 5
0 6
0 7
0 8
0 9
0 10
0 11
0 12
0 13
0 14
0 15
1 3
1 4
1 5
1 6
1 7
1 8
1 9
1 10
1 11
1 12
1 13
1 14
1 15
2 2
2 3
2 4
2 5
2 6
2 7
2 8
2 9
2 10
2 11
2 12
2 13
2 14
2 15
3 1
3 2
3 3
3 4
3 5
3 6
3 7
3 8
3 9
3 10
3 11
3 12
3 13
3 14
3 15
4 1
4 2
4 3
4 4
4 5
4 6
4 7
4 8
4 9
4 10
4 11
4 12
4 13
4 14
4 15
5 1
5 2
5 3
5 4
5 5
5 6
5 7
5 8
5 9
5 10
5 11
5 12
5 13
5 14
5 15
6 1
6 2
6 3
6 4
6 5
6 6
6 7
6 8
6 9
6 10
6 11
6 12
6 13
6 14
6 15
7 1
7 2
7 3
7 4
7 5
7 6
7 7
7 8
7 9
7 10
7 11
7 12
7 13
7 14
7 15
8 1
8 2
8 3
8 4
8 5
8 6
8 7
8 8
8 9
8 10
8 11
9 1
9 2
9 3
9 4
9 5
9 6
9 7
9 8
9 9
9 10
9 11
10 1
10 2
10 3
10 4
10 5
10 6
10 7
10 8
10 9
10 10
10 11
11 1
11 2
11 3
11 4
11 5
11 6
11 7
11 8
12 1
12 2
12 3
12 4
12 5
12 6
12 7
12 8
13 1
13 2
13 3
13 4
13 5
13 6
13 7
13 8
13 9
13 10
1 0
7 11
7 12
7 13
10 8
10 9
10 10
0 0
7 11
7 12
7 13
10 8
10 9
10 10
0 3
0 4
1 2
2 2
3 2
7 13
7 14
7 15
7 16
7 17
10 10
10 11
10 12
0 1
0 2
7 12
7 13
7 14
7 15
10 9
10 10
10 11
0 0
0 1
0 2
0 3
0 4
0 5
0 6
0 7
0 8
0 9
0 10
0 11
0 12
0 13
0 14
1 0
1 1
1 2
1 3
1 4
1 5
1 6
1 7
1 8
1 9
1 10
1 11
1 12
1 13
1 14
2 0
2 1
2 2
2 3
2 4
2 5
2 6
2 7
2 8
2 9
2 10
2 11
2 12
2 13
2 14
3 0
3 1
3 2
3 3
3 4
3 5
3 6
3 7
3 8
3 9
3 10
3 11
3 12
3 13
3 14
4 0
4 1
4 2
4 3
4 4
4 5
4 6
4 7
4 8
4 9
4 10
4 11
4 12
4 13
4 14
5 0
5 1
5 2
5 3
5 4
5 5
5 6
5 7
5 8
5 9
5 10
5 11
5 12
5 13
5 14
6 0
6 1
6 2
6 3
6 4
6 5
6 6
6 7
6 8
6 9
6 10
6 11
6 12
6 13
6 14
7 0
7 1
7 2
7 3
7 4
7 5
7 6
7 7
7 8
7 9
7 10
7 11
7 12
7 13
7 14
8 0
8 1
8 2
8 3
8 4
8 5
8 6
8 7
8 8
8 9
8 10
9 0
9 1
9 2
9 3
9 4
9 5
9 6
9 7
9 8
9 9
9 10
10 0
10 1
10 2
10 3
10 4
10 5
10 6
10 7
10 8
10 9
10 10
11 0
11 1
11 2
11 3
11 4
11 5
11 6
11 7
12 0
12 1
12 2
12 3
12 4
12 5
12 6
12 7
13 0
13 1
13 2
13 3
13 4
13 5
13 6
13 7
13 8
13 9
0 0
0 1
0 2
0 3
0 4
0 5
0 6
0 7
0 8
0 9
0 10
0 11
0 12
0 13
0 14
1 0
1 1
1 2
1 3
1 4
1 5
1 6
1 7
1 8
1 9
1 10
1 11
1 12
1 13
1 14
2 0
2 1
2 2
2 3
2 4
2 5
2 6
2 7
2 8
2 9
2 10
2 11
2 12
2 13
2 14
3 0
3 1
3 2
3 3
3 4
3 5
3 6
3 7
3 8
3 9
3 10
3 11
3 12
3 13
3 14
4 0
4 1
4 2
4 3
4 4
4 5
4 6
4 7
4 8
4 9
4 10
4 11
4 12
4 13
4 14
5 0
5 1
5 2
5 3
5 4
5 5
5 6
5 7
5 8
5 9
5 10
5 11
5 12
5 13
5 14
6 0
6 1
6 2
6 3
6 4
6 5
6 6
6 7
6 8
6 9
6 10
6 11
6 12
6 13
6 14
7 0
7 1
7 2
7 3
7 4
7 5
7 6
7 7
7 8
7 9
7 10
7 11
7 12
7 13
7 14
8 0
8 1
8 2
8 3
8 4
8 5
8 6
8 7
8 8
8 9
8 10
9 0
9 1
9 2
9 3
9 4
9 5
9 6
9 7
9 8
9 9
9 10
10 0
10 1
10 2
10 3
10 4
10 5
10 6
10 7
10 8
10 9
10 10
11 0
11 1
11 2
11 3
11 4
11 5
11 6
11 7
12 0
12 1
12 2
12 3
12 4
12 5
12 6
12 7
13 0
13 1
13 2
13 3
13 4
13 5
13 6
13 7
13 8
13 9
